60
0 966 0 604 595 494 0 250 637 345 0 239 353 0 0 85 0 0 0 899 676 436 0 386 668 522 300 118 0 0 461 0 996 0 0 962 383 116 0 0 829 795 0 0 0 393 460 288 900 170 0 413 0 0 0 332 794 665 357 0
966 0 0 0 481 0 550 0 0 0 663 0 0 724 416 998 0 0 0 0 509 551 156 0 298 0 0 0 0 887 727 0 1000 0 351 0 0 0 885 0 0 943 564 0 704 0 889 0 332 802 853 694 0 0 0 0 0 0 0 0
0 0 0 0 0 0 0 0 0 0 0 0 0 0 0 0 0 117 505 0 0 0 0 0 0 0 0 0 132 0 0 0 0 277 0 0 0 0 0 542 0 0 0 0 0 0 0 0 0 0 0 0 0 0 138 0 0 0 0 788
604 0 0 0 0 729 0 466 765 299 0 369 843 0 0 605 0 0 0 0 0 990 0 302 0 98 408 490 0 0 0 0 0 0 0 0 225 551 0 0 0 0 0 0 0 239 956 521 0 721 0 977 0 0 0 272 0 863 255 0
595 481 0 0 0 927 686 826 0 934 888 832 724 0 748 627 0 0 0 0 111 170 433 935 212 0 889 696 0 0 433 0 908 0 531 0 932 692 0 0 858 732 775 0 0 982 518 699 585 431 938 384 0 0 0 881 0 0 950 0
494 0 0 729 927 0 0 290 214 430 0 491 240 0 0 416 760 0 0 413 0 768 0 715 1000 636 321 563 0 0 615 0 808 0 0 476 681 386 0 0 569 663 0 0 0 490 841 746 0 556 971 633 670 554 0 644 308 185 521 0
0 550 0 0 686 0 0 0 0 0 428 0 0 0 944 0 0 0 0 0 646 854 394 0 658 0 0 0 0 0 0 0 0 0 278 0 0 0 0 0 0 0 0 0 0 0 949 0 826 0 0 0 0 0 0 0 0 0 0 0
250 0 0 466 826 290 0 0 390 168 0 201 378 0 0 203 0 0 0 703 907 667 0 425 899 373 73 273 0 0 620 0 0 0 0 766 391 134 0 0 771 834 0 0 0 228 695 456 0 405 0 579 958 841 0 354 598 451 231 0
637 0 0 765 0 214 0 390 0 466 0 567 452 0 0 589 718 0 0 386 0 982 0 791 0 672 357 663 0 0 827 0 889 0 0 449 746 524 0 0 656 747 0 0 0 526 0 846 0 768 0 822 628 531 0 720 344 157 568 0
345 0 0 299 934 430 0 168 466 0 0 172 544 0 0 327 0 0 0 828 0 775 0 358 0 206 109 305 0 0 751 0 0 0 0 891 283 267 0 0 937 1000 0 0 0 60 796 478 0 506 0 703 0 973 0 287 731 564 105 0
0 663 0 0 888 0 428 0 0 0 0 0 0 0 0 0 0 0 0 0 848 0 534 0 857 0 0 0 0 0 0 0 0 0 357 0 0 0 0 888 0 0 0 0 922 0 0 0 995 0 0 0 0 0 0 0 0 0 0 0
239 0 0 369 832 491 0 201 567 172 0 0 504 0 0 255 0 0 0 904 913 673 0 234 905 285 210 172 0 0 677 0 0 0 0 967 207 210 0 0 972 997 0 0 0 182 697 306 0 407 0 629 0 0 0 163 799 652 124 0
353 0 0 843 724 240 0 378 452 544 0 504 0 0 0 269 965 0 0 605 805 565 0 738 795 750 435 465 0 0 375 0 800 0 0 655 711 294 0 0 561 624 960 0 0 604 643 640 852 358 904 415 869 688 0 667 500 416 609 0
0 724 0 0 0 0 0 0 0 0 0 0 0 0 308 0 0 0 0 0 0 0 880 0 833 0 0 0 0 204 854 411 511 0 0 0 0 0 238 0 707 662 269 858 463 0 0 0 479 0 277 871 0 0 0 0 0 0 0 0
0 416 0 0 748 0 944 0 0 0 0 0 0 308 0 0 0 0 0 0 841 757 572 0 537 0 0 0 0 471 627 694 705 0 767 0 0 0 469 0 807 681 190 0 449 0 0 0 171 929 465 641 0 0 0 0 0 0 0 0
85 998 0 605 627 416 0 203 589 327 0 255 269 0 0 0 0 0 0 820 708 468 0 471 700 512 268 198 0 0 424 0 945 0 0 883 462 69 0 0 778 744 978 0 0 375 496 373 863 206 0 376 0 919 0 417 715 592 371 0
0 0 0 0 0 760 0 0 718 0 0 0 965 0 0 0 0 0 0 360 0 0 0 0 0 0 0 0 0 0 0 0 921 0 0 386 0 0 0 0 773 869 0 0 0 0 0 0 0 0 0 0 217 431 0 0 465 597 0 0
0 0 117 0 0 0 0 0 0 0 0 0 0 0 0 0 0 0 622 0 0 0 0 0 0 0 0 0 238 0 0 0 0 246 0 0 0 0 0 648 0 0 0 0 0 0 0 0 0 0 0 0 0 0 183 0 0 0 0 905
0 0 505 0 0 0 0 0 0 0 0 0 0 0 0 0 0 622 0 0 0 0 0 0 0 0 0 0 500 0 0 0 0 710 0 0 0 0 0 645 0 0 0 0 0 0 0 0 0 0 0 0 0 0 535 0 0 0 0 283
899 0 0 0 0 413 0 703 386 828 0 904 605 0 0 820 360 0 0 0 0 1000 0 0 0 0 719 976 0 0 722 0 586 0 0 63 0 799 871 0 415 511 0 0 0 888 0 0 0 923 826 780 264 145 0 0 105 265 930 0
676 509 0 0 111 0 646 907 0 0 848 913 805 0 841 708 0 0 0 0 0 244 393 0 305 0 970 777 0 0 518 0 1000 0 491 0 0 773 0 0 950 824 869 0 0 0 435 780 679 512 0 465 0 0 0 962 0 0 0 0
436 551 0 990 170 768 854 667 982 775 0 673 565 0 757 468 0 0 0 1000 244 0 601 776 253 958 730 537 0 0 278 0 800 0 699 990 773 533 980 0 750 624 754 0 0 823 359 540 603 272 844 225 0 0 0 722 927 889 791 0
0 156 0 0 433 0 394 0 0 0 534 0 0 880 572 0 0 0 0 0 393 601 0 0 373 0 0 0 0 0 836 0 0 0 195 0 0 0 0 0 0 0 702 0 860 0 828 0 470 862 991 797 0 0 0 0 0 0 0 0
386 0 0 302 935 715 0 425 791 358 0 234 738 0 0 471 0 0 0 0 0 776 0 0 0 278 434 291 0 0 811 0 0 0 0 0 83 444 0 0 0 0 0 0 0 322 673 238 0 507 0 763 0 0 0 71 0 876 253 0
668 298 0 0 212 1000 658 899 0 0 857 905 795 833 537 700 0 0 0 0 305 253 373 0 0 0 962 769 0 921 463 0 890 0 500 0 0 765 884 0 861 735 564 0 901 0 591 772 374 504 802 429 0 0 0 954 0 0 0 0
522 0 0 98 0 636 0 373 672 206 0 285 750 0 0 512 0 0 0 0 0 958 0 278 0 0 315 428 0 0 934 0 0 0 0 0 201 458 0 0 0 0 0 0 0 146 932 497 0 686 0 886 0 0 0 248 937 770 167 0
300 0 0 408 889 321 0 73 357 109 0 210 435 0 0 268 0 0 0 719 970 730 0 434 962 315 0 326 0 0 692 0 0 0 0 782 389 207 0 0 828 891 0 0 0 169 751 509 0 461 0 644 961 864 0 363 622 455 211 0
118 0 0 490 696 563 0 273 663 305 0 172 465 0 0 198 0 0 0 976 777 537 0 291 769 428 326 0 0 0 572 0 0 0 0 0 282 189 0 0 943 909 0 0 0 354 558 195 0 268 0 524 0 0 0 231 871 724 290 0
0 0 132 0 0 0 0 0 0 0 0 0 0 0 0 0 0 238 500 0 0 0 0 0 0 0 0 0 0 0 0 0 0 409 0 0 0 0 0 418 0 0 0 0 0 0 0 0 0 0 0 0 0 0 270 0 0 0 0 783
0 887 0 0 0 0 0 0 0 0 0 0 0 204 471 0 0 0 0 0 0 0 0 0 921 0 0 0 0 0 892 223 419 0 0 961 0 0 134 0 658 620 380 962 667 0 0 0 612 0 270 941 0 899 0 0 998 0 0 0
461 727 0 0 433 615 0 620 827 751 0 677 375 854 627 424 0 0 0 722 518 278 836 811 463 934 692 572 0 892 0 0 556 0 943 712 808 493 758 0 483 380 585 0 0 799 501 626 477 339 622 58 945 738 0 757 656 674 792 0
0 0 0 0 0 0 0 0 0 0 0 0 0 411 694 0 0 0 0 0 0 0 0 0 0 0 0 0 0 223 0 0 530 0 0 975 0 0 326 0 750 744 603 0 857 0 0 0 835 0 418 0 0 899 0 0 0 0 0 0
996 1000 0 0 908 808 0 0 889 0 0 0 800 511 705 945 921 0 0 586 1000 800 0 0 890 0 0 0 0 419 556 530 0 0 0 542 0 0 285 0 239 230 522 0 974 0 0 0 701 895 240 614 741 496 0 0 579 732 0 0
0 0 277 0 0 0 0 0 0 0 0 0 0 0 0 0 0 246 710 0 0 0 0 0 0 0 0 0 409 0 0 0 0 0 0 0 0 0 0 819 0 0 0 0 0 0 0 0 0 0 0 0 0 0 175 0 0 0 0 993
0 351 0 0 531 0 278 0 0 0 357 0 0 0 767 0 0 0 0 0 491 699 195 0 500 0 0 0 0 0 943 0 0 0 0 0 0 0 0 0 0 0 891 0 0 0 852 0 659 960 0 904 0 0 0 0 0 0 0 0
962 0 0 0 0 476 0 766 449 891 0 967 655 0 0 883 386 0 0 63 0 990 0 0 0 0 782 0 0 961 712 975 542 0 0 0 0 862 827 0 387 483 0 0 0 951 0 0 0 913 782 770 233 82 0 0 168 328 993 0
383 0 0 225 932 681 0 391 746 283 0 207 711 0 0 462 0 0 0 0 0 773 0 83 0 201 389 282 0 0 808 0 0 0 0 0 0 417 0 0 0 0 0 0 0 247 731 296 0 504 0 760 0 0 0 51 989 842 178 0
116 0 0 551 692 386 0 134 524 267 0 210 294 0 0 69 0 0 0 799 773 533 0 444 765 458 207 189 0 0 493 0 0 0 0 862 417 0 0 0 820 813 0 0 0 315 561 373 932 271 0 445 0 919 0 373 694 557 316 0
0 885 0 0 0 0 0 0 0 0 0 0 0 238 469 0 0 0 0 871 0 980 0 0 884 0 0 0 0 134 758 326 285 0 0 827 0 0 0 0 524 486 343 0 701 0 0 0 575 0 136 807 0 781 0 0 864 0 0 0
0 0 542 0 0 0 0 0 0 0 888 0 0 0 0 0 0 648 645 0 0 0 0 0 0 0 0 0 418 0 0 0 0 819 0 0 0 0 0 0 0 0 0 0 882 0 0 0 0 0 0 0 0 0 680 0 0 0 0 637
829 0 0 0 858 569 0 771 656 937 0 972 561 707 807 778 773 0 0 415 950 750 0 0 861 0 828 943 0 658 483 750 239 0 0 387 0 820 524 0 0 126 661 0 0 997 952 0 773 766 431 541 589 344 0 0 388 499 0 0
795 943 0 0 732 663 0 834 747 1000 0 997 624 662 681 744 869 0 0 511 824 624 0 0 735 0 891 909 0 620 380 744 230 0 0 483 0 813 486 0 126 0 535 0 0 0 881 0 647 719 385 438 707 462 0 0 479 590 0 0
0 564 0 0 775 0 0 0 0 0 0 0 960 269 190 978 0 0 0 0 869 754 702 0 564 0 0 0 0 380 585 603 522 0 891 0 0 0 343 0 661 535 0 0 561 0 0 0 232 893 314 602 0 997 0 0 0 0 0 0
0 0 0 0 0 0 0 0 0 0 0 0 0 858 0 0 0 0 0 0 0 0 0 0 0 0 0 0 0 962 0 0 0 0 0 0 0 0 0 0 0 0 0 0 707 0 0 0 0 0 0 0 0 0 0 0 0 0 0 848
0 704 0 0 0 0 0 0 0 0 922 0 0 463 449 0 0 0 0 0 0 0 860 0 901 0 0 0 0 667 0 857 974 0 0 0 0 0 701 882 0 0 561 707 0 0 0 0 586 0 740 0 0 0 0 0 0 0 0 0
393 0 0 239 982 490 0 228 526 60 0 182 604 0 0 375 0 0 0 888 0 823 0 322 0 146 169 354 0 0 799 0 0 0 0 951 247 315 0 0 997 0 0 0 0 0 844 460 0 554 0 751 0 0 0 251 791 624 69 0
460 889 0 956 518 841 949 695 0 796 0 697 643 0 0 496 0 0 0 0 435 359 828 673 591 932 751 558 0 0 501 0 0 0 852 0 731 561 0 0 952 881 0 0 0 844 0 435 870 290 0 443 0 0 0 684 0 0 815 0
288 0 0 521 699 746 0 456 846 478 0 306 640 0 0 373 0 0 0 0 780 540 0 238 772 497 509 195 0 0 626 0 0 0 0 0 296 373 0 0 0 0 0 0 0 460 435 0 0 287 0 578 0 0 0 249 0 907 391 0
900 332 0 0 585 0 826 0 0 0 995 0 852 479 171 863 0 0 0 0 679 603 470 0 374 0 0 0 0 612 477 835 701 0 659 0 0 932 575 0 773 647 232 0 586 0 870 0 0 775 534 487 0 0 0 0 0 0 0 0
170 802 0 721 431 556 0 405 768 506 0 407 358 0 929 206 0 0 0 923 512 272 862 507 504 686 461 268 0 0 339 0 895 0 960 913 504 271 0 0 766 719 893 0 0 554 290 287 775 0 957 291 0 939 0 453 821 732 525 0
0 853 0 0 938 971 0 0 0 0 0 0 904 277 465 0 0 0 0 826 0 844 991 0 802 0 0 0 0 270 622 418 240 0 0 782 0 0 136 0 431 385 314 0 740 0 0 0 534 957 0 671 981 736 0 0 819 929 0 0
413 694 0 977 384 633 0 579 822 703 0 629 415 871 641 376 0 0 0 780 465 225 797 763 429 886 644 524 0 941 58 0 614 0 904 770 760 445 807 0 541 438 602 0 0 751 443 578 487 291 671 0 0 796 0 709 714 715 744 0
0 0 0 0 0 670 0 958 628 0 0 0 869 0 0 0 217 0 0 264 0 0 0 0 0 0 961 0 0 0 945 0 741 0 0 233 0 0 0 0 589 707 0 0 0 0 0 0 0 0 981 0 0 245 0 0 369 507 0 0
0 0 0 0 0 554 0 841 531 973 0 0 688 0 0 919 431 0 0 145 0 0 0 0 0 0 864 0 0 899 738 899 496 0 0 82 0 919 781 0 344 462 997 0 0 0 0 0 0 939 736 796 245 0 0 0 250 410 0 0
0 0 138 0 0 0 0 0 0 0 0 0 0 0 0 0 0 183 535 0 0 0 0 0 0 0 0 0 270 0 0 0 0 175 0 0 0 0 0 680 0 0 0 0 0 0 0 0 0 0 0 0 0 0 0 0 0 0 0 818
332 0 0 272 881 644 0 354 720 287 0 163 667 0 0 417 0 0 0 0 962 722 0 71 954 248 363 231 0 0 757 0 0 0 0 0 51 373 0 0 0 0 0 0 0 251 684 249 0 453 0 709 0 0 0 0 952 805 182 0
794 0 0 0 0 308 0 598 344 731 0 799 500 0 0 715 465 0 0 105 0 927 0 0 0 937 622 871 0 998 656 0 579 0 0 168 989 694 864 0 388 479 0 0 0 791 0 0 0 821 819 714 369 250 0 952 0 187 829 0
665 0 0 863 0 185 0 451 157 564 0 652 416 0 0 592 597 0 0 265 0 889 0 876 0 770 455 724 0 0 674 0 732 0 0 328 842 557 0 0 499 590 0 0 0 624 0 907 0 732 929 715 507 410 0 805 187 0 666 0
357 0 0 255 950 521 0 231 568 105 0 124 609 0 0 371 0 0 0 930 0 791 0 253 0 167 211 290 0 0 792 0 0 0 0 993 178 316 0 0 0 0 0 0 0 69 815 391 0 525 0 744 0 0 0 182 829 666 0 0
0 0 788 0 0 0 0 0 0 0 0 0 0 0 0 0 0 905 283 0 0 0 0 0 0 0 0 0 783 0 0 0 0 993 0 0 0 0 0 637 0 0 0 848 0 0 0 0 0 0 0 0 0 0 818 0 0 0 0 0
3 4
