40
0 966 0 604 595 494 0 250 637 345 0 239 353 0 0 85 0 0 0 899 676 436 0 386 668 522 300 118 0 0 461 0 996 0 0 962 383 116 0 0
966 0 0 0 481 0 550 0 0 0 663 0 0 724 416 998 0 0 0 0 509 551 156 0 298 0 0 0 0 887 727 0 1000 0 351 0 0 0 885 0
0 0 0 0 0 0 0 0 0 0 0 0 0 0 0 0 0 117 505 0 0 0 0 0 0 0 0 0 132 0 0 0 0 277 0 0 0 0 0 542
604 0 0 0 0 729 0 466 765 299 0 369 843 0 0 605 0 0 0 0 0 990 0 302 0 98 408 490 0 0 0 0 0 0 0 0 225 551 0 0
595 481 0 0 0 927 686 826 0 934 888 832 724 0 748 627 0 0 0 0 111 170 433 935 212 0 889 696 0 0 433 0 908 0 531 0 932 692 0 0
494 0 0 729 927 0 0 290 214 430 0 491 240 0 0 416 760 0 0 413 0 768 0 715 1000 636 321 563 0 0 615 0 808 0 0 476 681 386 0 0
0 550 0 0 686 0 0 0 0 0 428 0 0 0 944 0 0 0 0 0 646 854 394 0 658 0 0 0 0 0 0 0 0 0 278 0 0 0 0 0
250 0 0 466 826 290 0 0 390 168 0 201 378 0 0 203 0 0 0 703 907 667 0 425 899 373 73 273 0 0 620 0 0 0 0 766 391 134 0 0
637 0 0 765 0 214 0 390 0 466 0 567 452 0 0 589 718 0 0 386 0 982 0 791 0 672 357 663 0 0 827 0 889 0 0 449 746 524 0 0
345 0 0 299 934 430 0 168 466 0 0 172 544 0 0 327 0 0 0 828 0 775 0 358 0 206 109 305 0 0 751 0 0 0 0 891 283 267 0 0
0 663 0 0 888 0 428 0 0 0 0 0 0 0 0 0 0 0 0 0 848 0 534 0 857 0 0 0 0 0 0 0 0 0 357 0 0 0 0 888
239 0 0 369 832 491 0 201 567 172 0 0 504 0 0 255 0 0 0 904 913 673 0 234 905 285 210 172 0 0 677 0 0 0 0 967 207 210 0 0
353 0 0 843 724 240 0 378 452 544 0 504 0 0 0 269 965 0 0 605 805 565 0 738 795 750 435 465 0 0 375 0 800 0 0 655 711 294 0 0
0 724 0 0 0 0 0 0 0 0 0 0 0 0 308 0 0 0 0 0 0 0 880 0 833 0 0 0 0 204 854 411 511 0 0 0 0 0 238 0
0 416 0 0 748 0 944 0 0 0 0 0 0 308 0 0 0 0 0 0 841 757 572 0 537 0 0 0 0 471 627 694 705 0 767 0 0 0 469 0
85 998 0 605 627 416 0 203 589 327 0 255 269 0 0 0 0 0 0 820 708 468 0 471 700 512 268 198 0 0 424 0 945 0 0 883 462 69 0 0
0 0 0 0 0 760 0 0 718 0 0 0 965 0 0 0 0 0 0 360 0 0 0 0 0 0 0 0 0 0 0 0 921 0 0 386 0 0 0 0
0 0 117 0 0 0 0 0 0 0 0 0 0 0 0 0 0 0 622 0 0 0 0 0 0 0 0 0 238 0 0 0 0 246 0 0 0 0 0 648
0 0 505 0 0 0 0 0 0 0 0 0 0 0 0 0 0 622 0 0 0 0 0 0 0 0 0 0 500 0 0 0 0 710 0 0 0 0 0 645
899 0 0 0 0 413 0 703 386 828 0 904 605 0 0 820 360 0 0 0 0 1000 0 0 0 0 719 976 0 0 722 0 586 0 0 63 0 799 871 0
676 509 0 0 111 0 646 907 0 0 848 913 805 0 841 708 0 0 0 0 0 244 393 0 305 0 970 777 0 0 518 0 1000 0 491 0 0 773 0 0
436 551 0 990 170 768 854 667 982 775 0 673 565 0 757 468 0 0 0 1000 244 0 601 776 253 958 730 537 0 0 278 0 800 0 699 990 773 533 980 0
0 156 0 0 433 0 394 0 0 0 534 0 0 880 572 0 0 0 0 0 393 601 0 0 373 0 0 0 0 0 836 0 0 0 195 0 0 0 0 0
386 0 0 302 935 715 0 425 791 358 0 234 738 0 0 471 0 0 0 0 0 776 0 0 0 278 434 291 0 0 811 0 0 0 0 0 83 444 0 0
668 298 0 0 212 1000 658 899 0 0 857 905 795 833 537 700 0 0 0 0 305 253 373 0 0 0 962 769 0 921 463 0 890 0 500 0 0 765 884 0
522 0 0 98 0 636 0 373 672 206 0 285 750 0 0 512 0 0 0 0 0 958 0 278 0 0 315 428 0 0 934 0 0 0 0 0 201 458 0 0
300 0 0 408 889 321 0 73 357 109 0 210 435 0 0 268 0 0 0 719 970 730 0 434 962 315 0 326 0 0 692 0 0 0 0 782 389 207 0 0
118 0 0 490 696 563 0 273 663 305 0 172 465 0 0 198 0 0 0 976 777 537 0 291 769 428 326 0 0 0 572 0 0 0 0 0 282 189 0 0
0 0 132 0 0 0 0 0 0 0 0 0 0 0 0 0 0 238 500 0 0 0 0 0 0 0 0 0 0 0 0 0 0 409 0 0 0 0 0 418
0 887 0 0 0 0 0 0 0 0 0 0 0 204 471 0 0 0 0 0 0 0 0 0 921 0 0 0 0 0 892 223 419 0 0 961 0 0 134 0
461 727 0 0 433 615 0 620 827 751 0 677 375 854 627 424 0 0 0 722 518 278 836 811 463 934 692 572 0 892 0 0 556 0 943 712 808 493 758 0
0 0 0 0 0 0 0 0 0 0 0 0 0 411 694 0 0 0 0 0 0 0 0 0 0 0 0 0 0 223 0 0 530 0 0 975 0 0 326 0
996 1000 0 0 908 808 0 0 889 0 0 0 800 511 705 945 921 0 0 586 1000 800 0 0 890 0 0 0 0 419 556 530 0 0 0 542 0 0 285 0
0 0 277 0 0 0 0 0 0 0 0 0 0 0 0 0 0 246 710 0 0 0 0 0 0 0 0 0 409 0 0 0 0 0 0 0 0 0 0 819
0 351 0 0 531 0 278 0 0 0 357 0 0 0 767 0 0 0 0 0 491 699 195 0 500 0 0 0 0 0 943 0 0 0 0 0 0 0 0 0
962 0 0 0 0 476 0 766 449 891 0 967 655 0 0 883 386 0 0 63 0 990 0 0 0 0 782 0 0 961 712 975 542 0 0 0 0 862 827 0
383 0 0 225 932 681 0 391 746 283 0 207 711 0 0 462 0 0 0 0 0 773 0 83 0 201 389 282 0 0 808 0 0 0 0 0 0 417 0 0
116 0 0 551 692 386 0 134 524 267 0 210 294 0 0 69 0 0 0 799 773 533 0 444 765 458 207 189 0 0 493 0 0 0 0 862 417 0 0 0
0 885 0 0 0 0 0 0 0 0 0 0 0 238 469 0 0 0 0 871 0 980 0 0 884 0 0 0 0 134 758 326 285 0 0 827 0 0 0 0
0 0 542 0 0 0 0 0 0 0 888 0 0 0 0 0 0 648 645 0 0 0 0 0 0 0 0 0 418 0 0 0 0 819 0 0 0 0 0 0
3 4
